1.372176615752557227e-01
1.586603722842155895e-01
4.347516307295833937e-01
6.624352764098810908e-01
5.932770231010889850e-01
9.612499573155055543e-01
7.085329695102811076e-01
6.825851604811947748e-01
6.474393933275001123e-01
9.429482570972753663e-01
6.874828785353493954e-01
7.134367973543126462e-01
9.639476511004392290e-01
1.860684839802955182e-01
5.678606640274918016e-01
5.391109281993650137e-01
6.749230977478420934e-01
9.111836156713285506e-01
6.091649478470673174e-01
3.648102554773585693e-01
8.570037614203940279e-01
1.778581663476416497e-01
8.436308320038159447e-01
4.737639979355285358e-01
5.317838240969533642e-02
4.797668167007999585e-01
1.650147395111296045e-01
-1.079462216105281022e-02
7.581749797576199379e-01
4.431062991407340723e-01
8.567050569220827638e-01
1.897637896646541672e-02
6.448446246432925077e-01
8.621894739563403798e-01
4.581435098063401101e-01
7.924724650517734892e-01
3.081676699430999644e-01
5.294489735481869852e-01
8.525690186051899655e-01
2.775913392395161772e-01
9.699063081682011145e-01
1.020831803091491186e-01
1.164828224186097161e-02
7.092321126756901961e-01
2.754959579101923239e-01
8.974692665531456282e-01
2.230700082290920094e-01
1.457061890157716477e-01
4.648482331098894305e-01
4.392983200733820426e-01
3.100201423298095116e-01
3.297019543262444397e-01
6.628268485149684253e-01
9.761644159326386960e-01
5.097955966642420123e-01
4.098504995880102864e-01
5.972232764708781394e-01
7.912363897672095581e-01
5.911303456439107595e-01
7.102774040565216218e-01
6.657437252459277310e-01
8.165933497823307796e-01
5.306430237266872574e-01
6.636382462065051335e-01
8.410792672130638081e-01
1.826110316965227215e-02
6.737265713949580626e-01
3.961462916669615253e-01
1.065930909012876709e-01
6.627933412824086323e-01
6.328907040609141887e-01
6.808057172313546346e-01
7.648526432820486332e-02
4.895268443093266919e-01
2.169081697808218079e-01
1.572637820186542357e-01
4.922650771210387161e-02
4.043675048359918756e-01
3.052043459560487282e-01
7.030598891231080172e-01
4.703083285626453725e-01
8.865117296251441292e-01
8.498208677577486769e-01
4.818216488038032375e-01
9.539308230511069908e-01
2.045717871561179846e-01
2.126442740022884692e-01
7.965450848699392461e-01
9.206306944840563222e-01
9.679669334769133160e-01
7.199525231005271531e-01
4.588768835554368208e-01
6.313776060020585001e-01
2.560461954874604928e-01
6.116871210770359335e-01
7.699957145409299653e-01
5.887481598008253991e-01
8.071191072477038597e-01
4.681872032915562754e-01
5.899646617440438418e-02
8.814359654541491507e-01
4.515482155170539857e-01
7.701104073593103561e-01
6.598449584841095117e-01
2.038157024259900363e-01
6.774448702495824426e-01
1.020262806986632770e-01
4.010440653737289973e-01
1.955911680541193576e-01
1.529134439260882439e-01
7.412168657126445570e-01
5.116236604764381468e-01
6.101295247552955825e-01
6.400234237802113757e-01
7.577050953801822697e-01
6.417656286278154987e-01
5.402062421641655732e-01
2.023811692684577279e-01
5.784829290522806033e-01
7.334421210507239275e-01
1.719946921249147220e-01
2.322474485784738751e-01
2.685022164409675005e-01
4.979069388184342859e-01
8.678260438418845535e-01
3.339985049286662844e-01
9.642702892661828562e-01
4.947739698926171270e-01
9.002092361728722958e-01
5.945326297830849649e-01
5.043231459909299774e-01
3.199583564928683566e-01
7.383025234312810825e-02
7.668872280291559873e-01
4.896748843269913554e-01
2.058419969974449593e-01
8.112856963557627532e-01
6.394890899069209933e-01
8.070052365379124515e-01
7.594070527418973482e-01
8.893633500227600130e-01
3.817967547376929227e-01
2.843078094471278572e-01
6.190053119495807499e-01
5.686788046174033884e-01
5.860165388458935531e-01
7.205125659386867332e-01
7.499074814642222586e-01
9.215093996635843887e-02
6.544089200653988025e-02
3.887111380756733681e-01
1.826886399838797970e-01
8.302457192327561408e-01
6.375064296428585298e-01
5.894645735980063028e-01
5.127620486748604156e-01
-2.786294862766125393e-03
6.893772420753513375e-01
6.446767038933950422e-01
9.296274125011787515e-01
7.646517873060938442e-01
8.114741984142990194e-01
5.936839446227918371e-01
3.626668530216240471e-01
8.618029987830797545e-01
4.643420249998991278e-01
6.362979833450053135e-01
4.979187984961386815e-01
2.918421597409208076e-03
6.179580905393352586e-01
7.320364174407280045e-01
2.161361286595702702e-01
7.072982258987062787e-01
6.380383069569753873e-01
8.242641681431089884e-01
9.182643582739326016e-01
1.128568218156297820e-01
4.816133091834675084e-01
6.947843835842745785e-02
5.391107102876726564e-01
2.133331806516655382e-01
6.004441130714043284e-01
8.741970747604470571e-01
9.648164454140089052e-01
5.764025626620807863e-01
7.876545683406546150e-01
6.643891244298154586e-01
3.477952866240077157e-01
3.996457250326815869e-01
8.255284814238996738e-01
1.246896842298288455e-01
8.587056768939285156e-01
2.250606176926021051e-01
6.763490275395908080e-01
5.538508197234884856e-01
2.360384587549993751e-01
5.469959988451722488e-01
4.544634044475024948e-01
3.803798651338932135e-01
2.612945252508634408e-01
9.570588000368334125e-01
6.518033859611724878e-01
4.144574434957963849e-01
-8.663376424114448832e-03
9.324234581131992661e-01
2.282499326618864510e-01
5.253417516024203593e-01
1.117333384228287457e-01
2.418151270862480828e-01
1.481849091790719830e-01
1.393656832550720370e-01
6.653760217240247687e-01
6.801228834937494971e-01
6.969349493331462586e-01
1.056619966950527040e-01
2.511054830873025723e-01
6.060907251626741488e-01
5.913141086160891291e-01
7.771001557592946973e-01
1.541757950014386591e-01
6.659030031737491750e-01
5.467089890224641202e-01
3.262521029974865816e-01
4.098614639077593352e-02
1.683843690119593839e-01
-2.065924148883045708e-02
7.917371823951729892e-01
4.994886764791305334e-01
6.600288310664255143e-01
3.671828015206349827e-01
7.433837479109270951e-01
4.207428148780623656e-01
8.791023307658202279e-01
9.619627129411667532e-01
8.094591214705436633e-01
5.615495083156590850e-01
7.878864463204451329e-01
9.589060740156213347e-01
1.602996899620153237e-01
1.568951791586634392e-01
5.015614238456546081e-01
-3.906833601658419447e-03
9.268025067611056489e-01
4.739718519632232785e-01
6.040472480353543672e-01
9.791757470566427868e-01
1.954785344205836328e-01
6.962092716708776496e-01
7.011564874514745194e-01
2.296808181468338872e-01
6.269089980378871330e-01
7.124776435352270232e-01
1.899582318672167758e-01
3.395025540763518812e-01
8.079358642168708027e-01
3.915957850729209766e-01
3.467062422063089122e-01
9.340873731428471771e-01
8.408544228017301725e-01
5.750940605201971811e-01
2.211817773096126649e-01
2.790515880166232754e-01
7.083445893096357304e-01
-1.563287132744312080e-02
3.874067502978986721e-01
5.595119283767191476e-01
1.029592579372882594e-01
2.948692606694168217e-01
3.233731637488053423e-02
6.562551476041798004e-01
5.801381478609777265e-01
1.913598620075216078e-03
7.606369573323967792e-01
8.173413341388273690e-01
2.884600360558193244e-01
7.478167062595021397e-01
8.343482648403015567e-01
1.720644382569474495e-01
7.565395249429437419e-01
8.206574442347552845e-01
2.086086980004701330e-01
8.802651713568712122e-01
9.149232583684534514e-01
1.201136887325256891e-01
1.517577727209280976e-02
4.892127422902181055e-01
8.054772002366111794e-01
9.306049178998504479e-01
8.263091163070496181e-02
1.651221926649956984e-01
1.682416337450513832e-01
9.789340821537830806e-01
8.619954737617256946e-01
5.081483920721282521e-01
7.049414138668252949e-01
1.625446384102575692e-01
4.047868086711333691e-01
7.362573335445117273e-01
5.951908772215215304e-01
6.243075673004228054e-01
1.146442034218740080e-01
3.416711278741096924e-01
8.604515738876001851e-01
1.673619944014387573e-01
2.344088681929904494e-01
1.316141287992302622e-01
8.761787786305792469e-01
4.041211009364475276e-02
5.475550179080760360e-01
2.187264984275215096e-01
1.610727011042254742e-01
2.705011544522547551e-01
4.816228155143192219e-02
8.505943613711856033e-01
3.998884578086371877e-01
8.720921873773337385e-01
8.158162439250790099e-01
7.247445513938025607e-01
5.661311908605010101e-01
1.446682457066220950e-01
7.635086365619612181e-01
7.072179281947436891e-02
4.563720972280140287e-01
5.118925632880809706e-01
2.225957902180073500e-01
2.098187923767089180e-01
2.253926742082327517e-01
8.327475935242861782e-01
2.828493990222602505e-01
6.142955354494571418e-01
5.078176077925530274e-01
3.931787316262941867e-01
2.686437751047265343e-01
8.123991588498775673e-01
5.244732407122473239e-01
6.206173744433424178e-01
7.103836623229885516e-01
1.040965054313749277e-01
1.439453727319605914e-01
2.645234381947072499e-01
4.685353513707582462e-01
9.958063961619538773e-01
4.860431240617741899e-01
1.277971288234981406e-01
4.309677540615572400e-01
6.326384916305100026e-01
7.774148567876809635e-01
2.625179507158260650e-01
7.365819212929858306e-01
9.022581508449994958e-01
1.743840355831538791e-01
9.434455010238097517e-01
3.823436483181536505e-01
3.675853525280305401e-01
3.783303802699796159e-01
7.178631867215039541e-01
-1.455692107598151319e-02
2.560371840495544449e-01
8.508313387393977301e-02
4.154299302711305653e-01
2.238862306281887704e-01
3.334463182828408256e-01
6.039555917494113801e-01
7.775127468258024033e-01
2.749408110940279037e-01
1.986275393588922064e-02
2.112460442735285965e-02
1.484343204015443896e-01
1.571435459813687596e-01
1.461360632742479682e-01
1.733819678595779346e-01
3.598841393769223185e-01
2.980616518615429866e-01
5.777885628010431818e-01
2.374865678181765083e-01
3.081617300287269323e-01
2.961789407250151607e-01
6.016976392887762870e-01
5.332322662527739787e-01
8.643688321883091774e-01
7.690553058848729195e-01
8.640652579016966373e-01
5.084936993879368705e-01
5.830903264784050855e-01
3.290839211831962374e-01
2.656811416204893916e-01
5.460662959162145003e-02
8.251485955023073471e-01
9.439084325238984441e-01
8.471440947815465083e-01
2.165612274423958650e-01
2.531012951988572679e-01
1.630188384173463512e-01
5.643854139874638909e-01
6.818659172083511022e-01
3.375646828505114994e-01
5.946078248464737870e-01
7.193632534895194608e-01
1.353009186569828770e-01
7.724795283059000539e-01
