9.502320321177968321e-01
9.643661154635272403e-01
5.485574750270180155e-01
4.010228001890047134e-01
3.748251016921402279e-01
1.207614006022603714e-01
6.215562066502569039e-01
6.794899809000011226e-01
2.429611743029838067e-01
6.066893837744166129e-01
8.993170051556860223e-01
9.496339864005187703e-02
7.311733062272267603e-01
4.854570010831498195e-01
4.360132847164033265e-02
3.569982925031387477e-01
6.405709815839677468e-01
3.449230555744149385e-01
6.556446329634506576e-01
7.416805600463358683e-01
4.018135544072123366e-01
4.943162702799810404e-01
1.001378571872186818e-01
3.810577234744079167e-01
2.093440073872018248e-01
4.114898487972673546e-02
9.910909521032279512e-01
8.326652639431736391e-01
5.869039011916955539e-01
3.386727821839501384e-01
9.880584066964969159e-01
6.423283188906558916e-01
3.637095609419673803e-01
2.377109340574721230e-01
4.322099816604940692e-02
6.353975093145002306e-01
7.429865179801453667e-01
5.468801537657941303e-01
3.213046137328730012e-01
7.043418840944914994e-02
5.620567981749318154e-01
9.196019060629970765e-01
8.986030014854066161e-01
3.955145321713904316e-01
6.008644791653650064e-01
2.187532832326503085e-01
6.409028971373345041e-01
3.678513135926143596e-01
6.513844300877047466e-01
3.130800967530419365e-01
